adaptiveThreshConstant: 8.136398265673083
adaptiveThreshWinSizeMax: 23
adaptiveThreshWinSizeMin: 3
adaptiveThreshWinSizeStep: 10
aprilTagCriticalRad: 0.6865516901016235
aprilTagDeglitch: 0
aprilTagMaxLineFitMse: 9.860530853271484
aprilTagMaxNmaxima: 10
aprilTagMinClusterPixels: 5
aprilTagMinWhiteBlackDiff: 5
aprilTagQuadDecimate: 0.4764406979084015
aprilTagQuadSigma: 0.7188062071800232
cornerRefinementMaxIterations: 30
cornerRefinementMethod: 0
cornerRefinementMinAccuracy: 0.9128068013426616
cornerRefinementWinSize: 5
detectInvertedMarker: false
errorCorrectionRate: 1.6207234336638472
markerBorderBits: 1
maxErroneousBitsInBorderRate: 0.67194383141046
maxMarkerPerimeterRate: 2.729619709706359
minCornerDistanceRate: 0.21292742091116906
minDistanceToBorder: 3
minMarkerDistanceRate: 0.03446355585418987
minMarkerLengthRatioOriginalImg: 0.011424707248806953
minMarkerPerimeterRate: 1.6224041523987407
minOtsuStdDev: 5.608613334718478
minSideLengthCanonicalImg: 32
perspectiveRemoveIgnoredMarginPerCell: 0.5473486925524821
perspectiveRemovePixelPerCell: 4
polygonalApproxAccuracyRate: 0.1386063865064152
useAruco3Detection: true
