adaptiveThreshConstant: 4.827554017191289
adaptiveThreshWinSizeMax: 23
adaptiveThreshWinSizeMin: 3
adaptiveThreshWinSizeStep: 10
aprilTagCriticalRad: 0.6913251280784607
aprilTagDeglitch: 0
aprilTagMaxLineFitMse: 9.776896476745605
aprilTagMaxNmaxima: 10
aprilTagMinClusterPixels: 5
aprilTagMinWhiteBlackDiff: 5
aprilTagQuadDecimate: 1.0297683477401733
aprilTagQuadSigma: 1.1162351369857788
cornerRefinementMaxIterations: 30
cornerRefinementMethod: 0
cornerRefinementMinAccuracy: 1.4072657177395678
cornerRefinementWinSize: 5
detectInvertedMarker: false
errorCorrectionRate: 1.649619530842959
markerBorderBits: 1
maxErroneousBitsInBorderRate: 1.3133077603236565
maxMarkerPerimeterRate: 4.389745182862277
minCornerDistanceRate: 0.22377601990555257
minDistanceToBorder: 3
minMarkerDistanceRate: 0.6591459570915974
minMarkerLengthRatioOriginalImg: 0.34566959738731384
minMarkerPerimeterRate: 0.44787046312261625
minOtsuStdDev: 1.6623507443273544
minSideLengthCanonicalImg: 32
perspectiveRemoveIgnoredMarginPerCell: 0.567493760757346
perspectiveRemovePixelPerCell: 4
polygonalApproxAccuracyRate: 0.16969505823248088
useAruco3Detection: false
