adaptiveThreshConstant: 7.805057826876196
adaptiveThreshWinSizeMax: 23
adaptiveThreshWinSizeMin: 3
adaptiveThreshWinSizeStep: 10
aprilTagCriticalRad: 1.060646414756775
aprilTagDeglitch: 0
aprilTagMaxLineFitMse: 5.951082229614258
aprilTagMaxNmaxima: 10
aprilTagMinClusterPixels: 5
aprilTagMinWhiteBlackDiff: 5
aprilTagQuadDecimate: 0.4918763339519501
aprilTagQuadSigma: 1.0634958744049072
cornerRefinementMaxIterations: 30
cornerRefinementMethod: 0
cornerRefinementMinAccuracy: 0.8103054914381721
cornerRefinementWinSize: 5
detectInvertedMarker: true
errorCorrectionRate: 1.651214287830359
markerBorderBits: 1
maxErroneousBitsInBorderRate: 0.8844133922218664
maxMarkerPerimeterRate: 1.574230769389456
minCornerDistanceRate: 0.23562944660982008
minDistanceToBorder: 3
minMarkerDistanceRate: 0.9364445739307005
minMarkerLengthRatioOriginalImg: 0.335612416267395
minMarkerPerimeterRate: 0.6230757137448408
minOtsuStdDev: 2.685012224071136
minSideLengthCanonicalImg: 32
perspectiveRemoveIgnoredMarginPerCell: 0.537396521371134
perspectiveRemovePixelPerCell: 4
polygonalApproxAccuracyRate: 0.1621908583743026
useAruco3Detection: false
