adaptiveThreshConstant: 1.0360652187959773
adaptiveThreshWinSizeMax: 23
adaptiveThreshWinSizeMin: 3
adaptiveThreshWinSizeStep: 10
aprilTagCriticalRad: 0.7972809076309204
aprilTagDeglitch: 0
aprilTagMaxLineFitMse: 5.938460350036621
aprilTagMaxNmaxima: 10
aprilTagMinClusterPixels: 5
aprilTagMinWhiteBlackDiff: 5
aprilTagQuadDecimate: 0.5838817358016968
aprilTagQuadSigma: 0.5971234440803528
cornerRefinementMaxIterations: 30
cornerRefinementMethod: 0
cornerRefinementMinAccuracy: 0.5867744423370456
cornerRefinementWinSize: 5
detectInvertedMarker: true
errorCorrectionRate: 1.415176684758188
markerBorderBits: 1
maxErroneousBitsInBorderRate: 0.536530573987496
maxMarkerPerimeterRate: 3.826402750140529
minCornerDistanceRate: 0.1477232194185213
minDistanceToBorder: 3
minMarkerDistanceRate: 0.13743770789937956
minMarkerLengthRatioOriginalImg: 0.7372583150863647
minMarkerPerimeterRate: 0.27322555678666005
minOtsuStdDev: 1.2373843751233073
minSideLengthCanonicalImg: 32
perspectiveRemoveIgnoredMarginPerCell: 0.47042250276354175
perspectiveRemovePixelPerCell: 4
polygonalApproxAccuracyRate: 0.16863610867995862
useAruco3Detection: false
