adaptiveThreshConstant: 2.6993467571160865
adaptiveThreshWinSizeMax: 23
adaptiveThreshWinSizeMin: 3
adaptiveThreshWinSizeStep: 10
aprilTagCriticalRad: 0.2948186993598938
aprilTagDeglitch: 0
aprilTagMaxLineFitMse: 5.506924629211426
aprilTagMaxNmaxima: 10
aprilTagMinClusterPixels: 5
aprilTagMinWhiteBlackDiff: 5
aprilTagQuadDecimate: 0.4986191391944885
aprilTagQuadSigma: 0.5216073989868164
cornerRefinementMaxIterations: 30
cornerRefinementMethod: 0
cornerRefinementMinAccuracy: 0.42127609670421234
cornerRefinementWinSize: 5
detectInvertedMarker: false
errorCorrectionRate: 1.656854778834953
markerBorderBits: 1
maxErroneousBitsInBorderRate: 0.36007801254694927
maxMarkerPerimeterRate: 2.9556247026343505
minCornerDistanceRate: 0.06863847315306369
minDistanceToBorder: 3
minMarkerDistanceRate: 0.17357712151668903
minMarkerLengthRatioOriginalImg: 0.47157907485961914
minMarkerPerimeterRate: 0.014453450252858331
minOtsuStdDev: 1.223682307312087
minSideLengthCanonicalImg: 32
perspectiveRemoveIgnoredMarginPerCell: 0.6354998818203731
perspectiveRemovePixelPerCell: 4
polygonalApproxAccuracyRate: 0.2912339463064675
useAruco3Detection: false
