adaptiveThreshConstant: 3.955244783468286
adaptiveThreshWinSizeMax: 17
adaptiveThreshWinSizeMin: 3
adaptiveThreshWinSizeStep: 7
aprilTagCriticalRad: -0.49702340364456177
aprilTagDeglitch: 0
aprilTagMaxLineFitMse: 1.2218317985534668
aprilTagMaxNmaxima: 3
aprilTagMinClusterPixels: 0
aprilTagMinWhiteBlackDiff: 1
aprilTagQuadDecimate: -0.6928758025169373
aprilTagQuadSigma: -0.3989798128604889
cornerRefinementMaxIterations: 26
cornerRefinementMethod: 0
cornerRefinementMinAccuracy: -0.4835126850774567
cornerRefinementWinSize: 0
detectInvertedMarker: false
errorCorrectionRate: 2.2190269568022565
markerBorderBits: 1
maxErroneousBitsInBorderRate: 0.9252894577914665
maxMarkerPerimeterRate: 1.0593853648353564
minCornerDistanceRate: 0.0647873733097254
minDistanceToBorder: 0
minMarkerDistanceRate: 0.17882232202798476
minMarkerLengthRatioOriginalImg: 0.3401159942150116
minMarkerPerimeterRate: 0.009824587585918226
minOtsuStdDev: 0.18366465420570283
minSideLengthCanonicalImg: 29
perspectiveRemoveIgnoredMarginPerCell: 0.0037431308270677865
perspectiveRemovePixelPerCell: 1
polygonalApproxAccuracyRate: 0.14945717609684764
useAruco3Detection: false
