adaptiveThreshConstant: 6.5820975813193385
adaptiveThreshWinSizeMax: 19
adaptiveThreshWinSizeMin: 3
adaptiveThreshWinSizeStep: 9
aprilTagCriticalRad: 0.0076191178523004055
aprilTagDeglitch: 0
aprilTagMaxLineFitMse: -0.3912373483181
aprilTagMaxNmaxima: 2
aprilTagMinClusterPixels: 0
aprilTagMinWhiteBlackDiff: 2
aprilTagQuadDecimate: 0.25481975078582764
aprilTagQuadSigma: -0.5075721740722656
cornerRefinementMaxIterations: 24
cornerRefinementMethod: 0
cornerRefinementMinAccuracy: 0.23498773327929112
cornerRefinementWinSize: 1
detectInvertedMarker: true
errorCorrectionRate: 1.7558502478598363
markerBorderBits: 1
maxErroneousBitsInBorderRate: 1.7967556214560723
maxMarkerPerimeterRate: 2.7369128513240226
minCornerDistanceRate: 0.09131670223960729
minDistanceToBorder: 0
minMarkerDistanceRate: 0.5377665778817535
minMarkerLengthRatioOriginalImg: -0.08846458792686462
minMarkerPerimeterRate: 0.5611850201332051
minOtsuStdDev: 1.4761654274837046
minSideLengthCanonicalImg: 29
perspectiveRemoveIgnoredMarginPerCell: 0.5669503627014856
perspectiveRemovePixelPerCell: 3
polygonalApproxAccuracyRate: 0.10447500885304267
useAruco3Detection: true
