adaptiveThreshConstant: 7.165960945284746
adaptiveThreshWinSizeMax: 23
adaptiveThreshWinSizeMin: 3
adaptiveThreshWinSizeStep: 10
aprilTagCriticalRad: -0.4628129005432129
aprilTagDeglitch: 0
aprilTagMaxLineFitMse: -3.720071315765381
aprilTagMaxNmaxima: 9
aprilTagMinClusterPixels: 14
aprilTagMinWhiteBlackDiff: 10
aprilTagQuadDecimate: 0.6586376428604126
aprilTagQuadSigma: 0.0
cornerRefinementMaxIterations: 29
cornerRefinementMethod: 0
cornerRefinementMinAccuracy: 0.1472607257311596
cornerRefinementWinSize: 9
detectInvertedMarker: false
errorCorrectionRate: 2.459600051694898
markerBorderBits: 1
maxErroneousBitsInBorderRate: 0.9475525924151433
maxMarkerPerimeterRate: 2.8438357775880627
minCornerDistanceRate: 0.038098712371068905
minDistanceToBorder: 3
minMarkerDistanceRate: 0.10660341270527036
minMarkerLengthRatioOriginalImg: -0.0671415776014328
minMarkerPerimeterRate: 0.4607336639159328
minOtsuStdDev: 9.57241147262162
minSideLengthCanonicalImg: 32
perspectiveRemoveIgnoredMarginPerCell: 0.3508271461071524
perspectiveRemovePixelPerCell: 8
polygonalApproxAccuracyRate: 0.028840596899274783
useAruco3Detection: true
