adaptiveThreshConstant: 10.221133243488504
adaptiveThreshWinSizeMax: 46
adaptiveThreshWinSizeMin: 3
adaptiveThreshWinSizeStep: 10
aprilTagCriticalRad: -0.10561761260032654
aprilTagDeglitch: 0
aprilTagMaxLineFitMse: 13.099990844726562
aprilTagMaxNmaxima: 10
aprilTagMinClusterPixels: 0
aprilTagMinWhiteBlackDiff: 0
aprilTagQuadDecimate: -0.26166799664497375
aprilTagQuadSigma: -0.22561471164226532
cornerRefinementMaxIterations: 30
cornerRefinementMethod: 0
cornerRefinementMinAccuracy: 0.8333077341576738
cornerRefinementWinSize: 10
detectInvertedMarker: false
errorCorrectionRate: 1.4552527729458398
markerBorderBits: 1
maxErroneousBitsInBorderRate: 0.6280804712447433
maxMarkerPerimeterRate: 9.649480104838169
minCornerDistanceRate: 0.12505150462084189
minDistanceToBorder: 0
minMarkerDistanceRate: 0.20285158142382664
minMarkerLengthRatioOriginalImg: -0.24182796478271484
minMarkerPerimeterRate: 0.03963101588734597
minOtsuStdDev: 1.2280060366193453
minSideLengthCanonicalImg: 32
perspectiveRemoveIgnoredMarginPerCell: 0.20404240847496088
perspectiveRemovePixelPerCell: 8
polygonalApproxAccuracyRate: 0.043525779416306976
useAruco3Detection: true
