adaptiveThreshConstant: 21.314427251632896
adaptiveThreshWinSizeMax: 23
adaptiveThreshWinSizeMin: 3
adaptiveThreshWinSizeStep: 20
aprilTagCriticalRad: 0.3360608220100403
aprilTagDeglitch: 0
aprilTagMaxLineFitMse: 13.815313339233398
aprilTagMaxNmaxima: 10
aprilTagMinClusterPixels: 0
aprilTagMinWhiteBlackDiff: 5
aprilTagQuadDecimate: 0.0
aprilTagQuadSigma: 0.22149401903152466
cornerRefinementMaxIterations: 60
cornerRefinementMethod: 0
cornerRefinementMinAccuracy: 0.1379723607007338
cornerRefinementWinSize: 5
detectInvertedMarker: false
errorCorrectionRate: 1.6807139002313305
markerBorderBits: 1
maxErroneousBitsInBorderRate: 1.4622456295268744
maxMarkerPerimeterRate: 9.335920104814655
minCornerDistanceRate: 0.03501096560308358
minDistanceToBorder: 3
minMarkerDistanceRate: 0.07518596093521841
minMarkerLengthRatioOriginalImg: 0.0
minMarkerPerimeterRate: 0.04006138955427014
minOtsuStdDev: 8.460249927665313
minSideLengthCanonicalImg: 63
perspectiveRemoveIgnoredMarginPerCell: 0.01698871640528016
perspectiveRemovePixelPerCell: 8
polygonalApproxAccuracyRate: 0.09660398583636688
useAruco3Detection: false
