adaptiveThreshConstant: 15.004200891920355
adaptiveThreshWinSizeMax: 45
adaptiveThreshWinSizeMin: 9
adaptiveThreshWinSizeStep: 30
aprilTagCriticalRad: -0.25361040234565735
aprilTagDeglitch: 0
aprilTagMaxLineFitMse: 26.67485809326172
aprilTagMaxNmaxima: 0
aprilTagMinClusterPixels: 5
aprilTagMinWhiteBlackDiff: 10
aprilTagQuadDecimate: 0.0
aprilTagQuadSigma: -0.32826757431030273
cornerRefinementMaxIterations: 59
cornerRefinementMethod: 0
cornerRefinementMinAccuracy: 0.10740513035666827
cornerRefinementWinSize: -5
detectInvertedMarker: false
errorCorrectionRate: 1.7176954807418503
markerBorderBits: 1
maxErroneousBitsInBorderRate: 0.5053631140521079
maxMarkerPerimeterRate: 5.843826137165456
minCornerDistanceRate: -0.2609052206343116
minDistanceToBorder: 3
minMarkerDistanceRate: 0.08739938770478901
minMarkerLengthRatioOriginalImg: 0.2424134910106659
minMarkerPerimeterRate: 0.0027228736138732654
minOtsuStdDev: 5.14325452478956
minSideLengthCanonicalImg: 96
perspectiveRemoveIgnoredMarginPerCell: 0.24477650225881953
perspectiveRemovePixelPerCell: 7
polygonalApproxAccuracyRate: 0.011154527017470744
useAruco3Detection: false
