adaptiveThreshConstant: 0.7670085682918939
adaptiveThreshWinSizeMax: 23
adaptiveThreshWinSizeMin: 3
adaptiveThreshWinSizeStep: 20
aprilTagCriticalRad: -0.7507184743881226
aprilTagDeglitch: 0
aprilTagMaxLineFitMse: -7.0375752449035645
aprilTagMaxNmaxima: 29
aprilTagMinClusterPixels: 0
aprilTagMinWhiteBlackDiff: 4
aprilTagQuadDecimate: 0.13702231645584106
aprilTagQuadSigma: -0.41005125641822815
cornerRefinementMaxIterations: 60
cornerRefinementMethod: 0
cornerRefinementMinAccuracy: -1.0401647468222666
cornerRefinementWinSize: 8
detectInvertedMarker: true
errorCorrectionRate: 1.0381082577237437
markerBorderBits: 1
maxErroneousBitsInBorderRate: 0.904095089305414
maxMarkerPerimeterRate: 11.659556214252149
minCornerDistanceRate: 0.05579246349840686
minDistanceToBorder: 2
minMarkerDistanceRate: 0.04121408841358688
minMarkerLengthRatioOriginalImg: 0.122916080057621
minMarkerPerimeterRate: 0.015017645445694595
minOtsuStdDev: 1.5859382712757115
minSideLengthCanonicalImg: 31
perspectiveRemoveIgnoredMarginPerCell: 0.3105644982556996
perspectiveRemovePixelPerCell: 4
polygonalApproxAccuracyRate: 0.07040431711926654
useAruco3Detection: false
