adaptiveThreshConstant: 20.206761567046335
adaptiveThreshWinSizeMax: 44
adaptiveThreshWinSizeMin: 9
adaptiveThreshWinSizeStep: 10
aprilTagCriticalRad: 0.49909693002700806
aprilTagDeglitch: 0
aprilTagMaxLineFitMse: 4.094187259674072
aprilTagMaxNmaxima: 20
aprilTagMinClusterPixels: 15
aprilTagMinWhiteBlackDiff: 5
aprilTagQuadDecimate: -0.0
aprilTagQuadSigma: 0.8295440077781677
cornerRefinementMaxIterations: 60
cornerRefinementMethod: -2
cornerRefinementMinAccuracy: -0.6361744590373263
cornerRefinementWinSize: 16
detectInvertedMarker: false
errorCorrectionRate: 0.8104051226988697
markerBorderBits: 1
maxErroneousBitsInBorderRate: 0.5037720897359116
maxMarkerPerimeterRate: 3.1470713129683245
minCornerDistanceRate: 0.027418813497703056
minDistanceToBorder: 3
minMarkerDistanceRate: 0.020274313588299987
minMarkerLengthRatioOriginalImg: 0.0
minMarkerPerimeterRate: 0.019364199747660304
minOtsuStdDev: 7.967664844540396
minSideLengthCanonicalImg: 63
perspectiveRemoveIgnoredMarginPerCell: 0.3818541133093236
perspectiveRemovePixelPerCell: 4
polygonalApproxAccuracyRate: 0.20340321920936402
useAruco3Detection: false
